13,1,1,29.839917758715,0.24866618025541
27,1,2,24.3658704571279,0.473781193468805
38,1,3,25.8981002322192,0.359696124315269
57,1,4,16.663075710231,0.324004509124558
58,1,5,10.7568264350156,0.0896402920039731
93,1,6,26.9946678888512,0.524896739978051
1,2,7,14.1791066905707,0.196932194914668
14,2,8,17.0162297648961,0.141802028148999
18,2,9,20.0265032737611,0.278146101318941
26,2,10,21.5798453527796,0.419608439768309
38,2,11,16.6601927392913,0.138835050562046
42,2,12,20.0468841035586,0.389800836076281
50,2,13,20.1563285948558,0.391928925109529
60,2,14,21.1695894568857,0.352826773209288
80,2,15,19.733471226432,0.383706691923507
90,2,16,23.9120923090447,0.199267595322654
4,3,17,21.1176550553606,0.410621399017757
15,3,18,20.5597768270078,0.171331610623577
41,3,19,14.9303066189579,0.207365535600044
50,3,20,20.4931972080741,0.28462796670322
58,3,21,19.3728079159784,0.16144019511854
60,3,22,22.4558351042236,0.436641587450671
65,3,23,24.0761931365062,0.334391838853622
73,3,24,15.1213222712181,0.29402594604981
93,3,25,24.0423731283783,0.400706539371281
18,4,26,26.1798730487056,0.436331566543401
21,4,27,25.0363931238756,0.347727960458196
30,4,28,24.8288733198129,0.20690744319093
31,4,29,22.7208159053571,0.44179399603908
33,4,30,27.5005516018337,0.229171446685625
34,4,31,23.3517485369544,0.194598060152943
35,4,32,19.0865296644074,0.318109082227186
39,4,33,20.9978941757458,0.291637652417516
51,4,34,12.3031868502825,0.102526639106933
57,4,35,9.5335160955527,0.158892062039426
66,4,36,25.5526174177514,0.425877297664089
69,4,37,18.9785888010057,0.369028410797603
70,4,38,13.2519280604971,0.184054703639438
77,4,39,16.0270954415104,0.133559235526556
79,4,40,22.8032271093974,0.380054089199651
1,5,41,14.6081019286414,0.202890466876708
2,5,42,22.2401181145494,0.185334465888699
8,5,43,23.5488960951789,0.196240957785798
14,5,44,19.4829280969688,0.324715728055188
40,5,45,22.7342284691,0.378904110941379
44,5,46,18.6353006786389,0.155294296557329
50,5,47,19.1725655063116,0.266285845060612
57,5,48,20.8523143578764,0.405461992439154
58,5,49,21.047966760985,0.409266347765302
60,5,50,28.6559865049139,0.557200183355338
63,5,51,15.1300577013962,0.29419580177249
66,5,52,16.2123093723946,0.270205372370701
67,5,53,20.2095014047054,0.336825292871776
84,5,54,19.1417864916087,0.265858358403304
6,100,55,17.0772270026901,0.284620677741196
20,6,56,16.7403325492937,0.232504804743885
24,6,57,16.7689594566842,0.139741440598765
28,6,58,11.3435477224583,0.189059279954941
40,6,59,18.1304904139423,0.251812568310203
42,6,60,15.5934973000426,0.303207134510787
54,6,61,18.4736708773739,0.256578967448758
77,6,62,18.5358653084042,0.308931335618275
82,6,63,9.72363570823542,0.135050603988111
93,6,64,22.5880671724186,0.313723406151004
98,6,65,27.6062398501917,0.536788426517459
6,7,66,11.9666453472636,0.199444248676331
32,7,67,21.6622243319896,0.180518680514742
46,7,68,28.7384101694524,0.239486943001504
53,7,69,8.55227838931353,0.118781739321337
88,7,70,24.2581167719293,0.33691855803365
92,7,71,26.1504627078744,0.435841393804076
4,8,72,18.8744057414901,0.262144733902982
5,8,73,20.5612821705462,0.3426883103262
18,8,74,20.1146918639261,0.16762256629733
21,8,75,22.9177426445048,0.318302235815262
27,8,76,21.0237784912734,0.291997157087448
30,8,77,22.9268112345773,0.191056913133552
38,8,78,30.2949070729987,0.252457760907703
42,8,79,27.4037336676277,0.456729259843578
55,8,80,16.6698346201896,0.231525666056351
67,8,81,26.8819431483027,0.448032744230954
79,8,82,20.6572157180956,0.286906003387057
88,8,83,21.4083279039782,0.416273375595789
89,8,84,15.4841134987549,0.215057303972857
93,8,85,15.5807796760215,0.302959847179213
94,8,86,13.1012049824939,0.109176795528816
1,9,87,19.5594424796734,0.325990968787123
21,9,88,28.3876277110346,0.551982091522103
50,9,89,22.7533836981173,0.189611682506869
62,9,90,13.9862616327439,0.11655227351461
71,9,91,21.3473714424943,0.415088110118722
77,9,92,28.8583059321458,0.40081012526098
87,9,93,21.9051855967582,0.182543359340889
2,10,94,18.3971082723155,0.153309358250018
3,10,95,23.6388261898397,0.328317293068065
13,10,96,16.1010851596561,0.223626361673947
22,10,97,25.536590246276,0.496545207580103
26,10,98,14.958540556683,0.290860743512801
30,10,99,10.9962699625799,0.0916356563299656
42,10,100,17.6318192091085,0.293863888576065
61,10,101,21.3548400590782,0.177957142857919
63,10,102,26.8172688143773,0.446954837803207
76,10,103,20.0119448552149,0.389121461259432
92,10,104,12.5608427333313,0.244238804094551
95,10,105,22.5309045443086,0.312929480125447
96,10,106,20.6290560869623,0.401120855920694
99,10,107,22.3071192252713,0.43374988749102
20,11,108,25.2902906498573,0.421505181368164
25,11,109,15.8489437808186,0.308174153388376
26,11,110,18.4682623290868,0.256503848662454
37,11,111,23.4236210423199,0.195196998176806
42,11,112,14.1727921025967,0.196844492233755
49,11,113,14.0481154364889,0.19511287048585
53,11,114,10.9862463735977,0.0915521263549564
59,11,115,27.7560521912638,0.231300619967547
62,11,116,20.707664905291,0.402649361944334
72,11,117,16.9730319557945,0.235736743530834
1,12,118,21.2375260212198,0.412952225218567
10,12,119,19.8827329464512,0.33137914754396
12,100,120,19.7349825284259,0.274097198839054
21,12,121,10.1347890759325,0.197065500795406
34,12,122,31.6116393330795,0.263430538519925
51,12,123,15.4525836380896,0.257543266669276
66,12,124,16.8135826141983,0.233522167570339
72,12,125,20.8936759403663,0.290190175768154
80,12,126,26.5096759732642,0.220914143175042
7,13,127,18.3829284909264,0.255318655517628
51,13,128,29.6103703772626,0.493506567759316
63,13,129,22.1551160799923,0.369252230068086
77,13,130,26.4507849618771,0.440846768708418
87,13,131,25.5682021780735,0.497159884523463
88,13,132,25.4259950115007,0.423766922538278
4,14,133,18.1102892053278,0.150919197446326
11,14,134,30.4182460923849,0.591466369413534
25,14,135,17.7862799793269,0.247031864004873
27,14,136,17.8495790132579,0.247911017957238
30,14,137,14.0139262157016,0.233565623780709
31,14,138,23.4604996154924,0.456176746353457
43,14,139,16.1406714159398,0.269011405474615
56,14,140,24.9092130189068,0.345961568698295
65,14,141,19.9272645399195,0.276767784468488
70,14,142,12.9079242346744,0.250987616464158
85,14,143,21.5990517552226,0.419981897892356
88,14,144,18.7776696922193,0.312961411905918
89,14,145,21.0520966943161,0.409346652088761
90,14,146,15.7523445744967,0.306295833985018
7,15,147,16.4445942664229,0.319756255429689
12,15,148,14.7605435619551,0.246009256173165
37,15,149,15.8541269118891,0.308274936573152
64,15,150,27.1539919398443,0.527994710114625
67,15,151,29.0176405920166,0.483627730102151
90,15,152,28.7935540918425,0.399910793426191
2,16,153,22.9414043271543,0.191178522335648
14,16,154,26.2468868837272,0.218724232343639
26,16,155,17.8671959209094,0.148893418455551
30,16,156,8.9858674759058,0.14976457774333
43,16,157,18.5247478206305,0.257288370005955
56,16,158,12.8763387474826,0.178838181229912
71,16,159,18.9304345651477,0.262922912631879
73,16,160,11.780747815481,0.229070279668207
79,16,161,21.3073108014846,0.177561065394444
84,16,162,18.3170893449925,0.356165911085133
99,16,163,27.0606016755294,0.451010388733512
7,17,164,26.9826155215299,0.449710618460373
74,17,165,15.9430835028964,0.221431892463378
76,17,166,22.8457962296276,0.190381787552205
93,17,167,21.2395148221461,0.294993497413305
10,18,168,20.1783536001439,0.392357189443854
15,18,169,17.3637796900206,0.144698279842036
16,18,170,14.9908176460487,0.208205967204206
17,18,171,22.8296239065673,0.443909708866291
19,18,172,13.0324799735548,0.217208173325646
23,18,173,26.9029180208383,0.523112713339469
27,18,174,12.8003844345723,0.248896563122663
39,18,175,20.8987223772394,0.406364371315336
49,18,176,12.1487784164056,0.202479802257139
67,18,177,24.6068047001204,0.205056869879701
81,18,178,13.6627375009454,0.227712473852257
88,18,179,24.0469515055522,0.200391422859278
94,18,180,14.655625466827,0.244260619855456
95,18,181,23.5608658315439,0.32723450944773
1,19,182,18.4733036816002,0.256573867503376
7,19,183,8.77540696915443,0.121880749853889
18,19,184,22.6344630173283,0.44011491076192
20,19,185,8.48468929998148,0.0707058007311076
27,19,186,25.3907051653966,0.423178757966013
30,19,187,16.4588363661669,0.137157079443633
36,19,188,13.5519377227838,0.112932904702783
48,19,189,27.0144717954989,0.525281816248706
67,19,190,25.8434723096866,0.358937402562006
5,20,191,15.8576617930346,0.132147287326367
6,20,192,13.9257474672063,0.232095976796739
14,20,193,26.6706814651326,0.444511713361297
46,20,194,19.4279479591492,0.377765956973758
51,20,195,21.6267351945741,0.180222937466352
58,20,196,14.6697596629093,0.203746824982181
64,20,197,14.7548979266695,0.245915162176464
69,20,198,14.3631262508912,0.199488024186003
74,20,199,11.9306646947513,0.165703808878931
89,20,200,4.00014993762511,0.0555576824686814
97,20,201,22.952152105133,0.191268087223789
1,21,202,21.9035788830753,0.182529970049486
5,21,203,33.1709616664333,0.644991437284495
9,21,204,24.8152770625353,0.344656901593847
10,21,205,14.0778016493666,0.195525179327887
11,21,206,12.4305763770809,0.241705845141095
17,21,207,14.9203222456713,0.290117609093066
46,21,208,20.1838569344121,0.168198942345814
51,21,209,19.2987316335614,0.268038153785371
64,21,210,23.5412152922303,0.457746219101161
79,21,211,20.3523448935145,0.282671682991534
82,21,212,19.1220983839594,0.159350947346984
87,21,213,18.9905337325555,0.316509148749709
92,21,214,16.4080059230986,0.136733492079194
93,21,215,11.4640077183817,0.222911439519765
6,22,216,22.9240166555059,0.318389374926656
7,22,217,15.1457504894423,0.126214688383689
14,22,218,19.7581209972028,0.38418599340527
16,22,219,17.8396667712658,0.14866400869166
21,22,220,28.5279215079919,0.237732869419409
22,100,221,15.1130200223673,0.209903223788657
29,22,222,17.6155156406816,0.146796081109117
46,22,223,18.6557323774938,0.310929121701329
49,22,224,18.1186945595333,0.251648736867902
52,22,225,14.8742683072713,0.289222115130004
60,22,226,24.0059023777923,0.200049346520952
70,22,227,27.3408146026605,0.531627375908848
87,22,228,30.5136797227008,0.593322024820868
88,22,229,18.3589003385895,0.254984930912635
11,23,230,27.7293014620821,0.385129495076713
17,23,231,17.3287709237957,0.240677566483507
33,23,232,29.8125890768774,0.579689695801779
44,23,233,20.7766267891611,0.28856449181198
51,23,234,22.8135894765699,0.316855662881132
70,23,235,13.4661124334477,0.261841284567677
84,23,236,12.9391920420394,0.17971114435268
85,23,237,18.8681564023852,0.157234762474253
88,23,238,16.6368294280599,0.277280712292058
90,23,239,16.7217521809179,0.23224674386555
100,23,240,17.7167221423316,0.147639469297577
17,24,241,22.1240497079337,0.30727871398852
32,24,242,29.1153667577615,0.566132584306623
39,24,243,13.974404849034,0.232906933809298
52,24,244,32.7207846456336,0.545346847037688
62,24,245,26.655938260626,0.370221660908009
68,24,246,12.0886335009781,0.100738693099041
92,24,247,15.5966464257891,0.303268367560398
98,24,248,27.3983699779739,0.380533220787082
22,25,249,17.2245643952855,0.23923025242968
23,25,250,23.4771370522189,0.456500252326389
31,25,251,23.1177992245281,0.321080801649548
34,25,252,27.4354563444862,0.457257971547521
46,25,253,18.7343925437279,0.312240125520699
47,25,254,21.8421293714551,0.424708410878085
57,25,255,14.4160270419588,0.200222757983062
65,25,256,18.9416515005465,0.315694444231129
67,25,257,30.5964025535622,0.594930525596638
69,25,258,26.2842410677416,0.365059195765757
80,25,259,25.7824457375467,0.358089810604213
81,25,260,31.2142720978601,0.520238284487963
12,26,261,12.4806158541032,0.104005215321633
26,100,262,16.9160518581185,0.234945352652222
27,26,263,16.2648256780988,0.271080644832656
36,26,264,26.3403403201939,0.512173693742397
51,26,265,18.0178994542461,0.150149282238047
67,26,266,20.5337150502765,0.171114428977071
75,26,267,18.2082776718691,0.151735768654094
86,26,268,15.4489824085526,0.300397120483805
92,26,269,16.6131737458238,0.276886450606046
95,26,270,23.3843777688589,0.454696598151467
96,26,271,23.6012678991819,0.196677389834969
3,27,272,25.4165082007067,0.353007340748795
10,27,273,21.3404659188126,0.414953835939715
19,27,274,18.0028222482614,0.350055157093428
59,27,275,16.3112102828994,0.135926861098897
63,27,276,13.6449022184543,0.113707609453134
9,28,277,13.4229255624209,0.22371560501269
11,28,278,21.490631323391,0.358177475264935
32,28,279,20.7288443751135,0.287900846641514
41,28,280,20.2489798318376,0.168741633591845
47,28,281,28.0312120871939,0.467187241869392
71,28,282,27.9782405533843,0.3885869852219
90,28,283,18.2714047748146,0.253769713776922
98,28,284,18.4956502366597,0.154130541943166
99,28,285,24.4886700366575,0.204072413563279
8,29,286,18.3408878249626,0.254734756912123
11,29,287,24.0657559032297,0.20054812629862
14,29,288,15.1831331919172,0.126526211153531
15,29,289,22.2702888626705,0.433033740978642
48,29,290,20.5796973814971,0.285829358961874
50,29,291,19.2550523884477,0.320917796541493
64,29,292,25.32196061964,0.422033014620142
68,29,293,25.1943830965168,0.419906720867055
78,29,294,15.33941555998,0.127828565262603
82,29,295,21.2294386946168,0.412794971519928
87,29,296,19.1954571172943,0.373245298098945
91,29,297,23.3811258833472,0.389685743137464
48,30,298,22.6767346818163,0.188972940193367
62,30,299,22.7046922420833,0.189205920048643
66,30,300,13.9899496763867,0.272027016884514
67,30,301,19.8242417089755,0.330404292806147
79,30,302,17.1687404452312,0.333836886837679
6,31,303,11.7319698603769,0.195532987432547
12,31,304,22.5961471429872,0.188301376832541
15,31,305,17.754345257725,0.14795299551001
22,31,306,26.4536350441578,0.514376648470725
47,31,307,25.9894969487897,0.216579314503227
67,31,308,21.725828925487,0.181048719217918
75,31,309,17.6793300532606,0.245546447176731
11,32,310,22.4415100582438,0.37402546685753
23,32,311,24.1152068334726,0.334933696189418
27,32,312,17.682487686132,0.294708363868703
36,32,313,16.3471107377046,0.136226031794943
40,32,314,12.6244980607129,0.210408469338522
68,32,315,15.5488215638593,0.215956027818286
5,33,316,10.2131484983537,0.198589157450299
36,33,317,18.8531221918721,0.366588780334969
40,33,318,21.7468250638874,0.362447374355791
43,33,319,27.9489097585422,0.23290776764725
52,33,320,15.4939300096836,0.258232373413794
55,33,321,19.7755423413442,0.164796318014817
76,33,322,26.1668628853584,0.363428941928455
90,33,323,18.0016635610062,0.150013983019476
99,33,324,21.1602210424535,0.352670632843839
5,34,325,28.0970209755444,0.546331400478134
13,34,326,21.2717674264561,0.295441450609306
17,34,327,3.85704138819602,0.0749980869911219
42,34,328,20.9498067300245,0.407357678969693
43,34,329,16.0302783678856,0.222642933223726
54,34,330,14.3120952228689,0.278290963077265
67,34,331,5.65151134376331,0.0941919310828732
77,34,332,28.6860184402326,0.478100689817455
81,34,333,15.7527081228142,0.131272672708172
83,34,334,8.65260449669393,0.0721050951564794
85,34,335,15.2047106660541,0.295647388357662
86,34,336,12.5701873187513,0.174586074651405
91,34,337,12.3646167257522,0.240423295339219
93,34,338,21.5301334436729,0.41864181854016
94,34,339,25.0713681193465,0.487499214541909
96,34,340,12.0923627326118,0.167949616756972
13,35,341,14.4382865313193,0.280744684926778
23,35,342,20.0675639849356,0.278716389430373
40,35,343,16.8659326676023,0.281099102672473
56,35,344,24.7495045499971,0.412492072493346
57,35,345,14.4029461204748,0.200041078372662
61,35,346,13.0110120222649,0.252992102826449
64,35,347,20.7535573524198,0.345892899254428
65,35,348,25.7728219559726,0.214773688118584
73,35,349,24.0094292913847,0.333464562485114
75,35,350,15.7869174232054,0.131557750439495
77,35,351,26.7286523635217,0.22273894788703
80,35,352,19.0209387293667,0.369851882285622
16,36,353,20.9429345589772,0.174524594277707
26,36,354,19.7148597493219,0.273817715572357
28,36,355,24.2347669817527,0.201956553079719
31,36,356,10.2650724279074,0.142570564443963
44,36,357,20.9767595021176,0.174806469029377
52,36,358,21.0390552889235,0.175325601001398
55,36,359,18.3409774603839,0.254736001849525
83,36,360,22.5540602409408,0.313251087280403
86,36,361,24.2000773251847,0.201667472377055
92,36,362,18.3095272428495,0.305159031507855
5,37,363,22.9563078180686,0.382605436385247
29,37,364,22.7184736984326,0.31553460935016
35,37,365,12.3019351526886,0.239204485999048
49,37,366,20.8925272936999,0.406243911261256
56,37,367,18.8079915505331,0.2612223138462
78,37,368,27.5065729633633,0.382036041230856
85,37,369,17.3194994275229,0.240548795598923
88,37,370,15.8322088773674,0.131935179526121
98,37,371,11.366307736809,0.18943861383092
100,37,372,25.5102170825846,0.425170624845971
15,38,373,14.7190662146516,0.286204294248145
24,38,374,17.9561831333591,0.349148284689275
39,38,375,15.2403151429958,0.296339698185377
52,38,376,12.112248742006,0.235516136173986
59,38,377,21.4786869526601,0.417641469303522
73,38,378,17.3564260255472,0.289273998511466
77,38,379,23.2084150571375,0.451275098241908
78,38,380,16.6645744203103,0.277743129199497
89,38,381,22.2123347628919,0.370205875545994
93,38,382,20.752319349141,0.288226888208284
94,38,383,29.9026786345016,0.415315313286729
12,39,384,19.6381801325163,0.327303264051007
22,39,385,7.49197771275823,0.0624331975528366
23,39,386,24.2638300830442,0.40439749156847
26,39,387,20.946919443174,0.40730153723602
42,39,388,20.6556520364024,0.286884285568389
45,39,389,7.48237212826056,0.124706301902638
53,39,390,20.9819137281931,0.291415701579501
54,39,391,27.2781151003946,0.454635615381445
59,39,392,10.7152299442553,0.148822757172767
72,39,393,24.1276867333228,0.469149839578626
76,39,394,16.9018519294319,0.140848878757612
89,39,395,23.7510613083677,0.461826561568103
98,39,396,16.2619264070453,0.316204377544736
27,40,397,19.8818180024929,0.276136582054824
33,40,398,20.7484609911023,0.345807959831185
63,40,399,26.7420678104115,0.519985067856834
70,40,400,27.8276963701745,0.386496092115717
79,40,401,24.601007437809,0.47835330508418
91,40,402,16.4443877609941,0.228394457173671
97,40,403,29.1808020375304,0.405289241419056
1,41,404,18.0671169065534,0.351305332004802
4,41,405,18.4891050002521,0.308151996525602
8,41,406,17.4050242894691,0.145041985112404
10,41,407,17.0272219167464,0.236489382479498
14,41,408,22.7181960368488,0.378636903523427
18,41,409,24.3956175997662,0.406593951937672
23,41,410,17.7794130026204,0.296323787102514
49,41,411,20.1362573478629,0.279670464678733
52,41,412,26.3371230113679,0.219476200675553
57,41,413,21.0749151279095,0.292707388720022
14,42,414,20.3237888369075,0.338730084932309
23,42,415,15.7982312652682,0.219420054220184
34,42,416,16.8249471645009,0.280416010407643
39,42,417,18.3963226523359,0.255504685686028
51,42,418,17.8871742500578,0.248433174441627
52,42,419,22.111891690408,0.307109852498907
57,42,420,18.9809984068722,0.263625188773207
60,42,421,18.5306188456068,0.257369912084748
62,42,422,25.3710119546989,0.352375447937617
66,42,423,30.1457236325394,0.251214564575986
73,42,424,26.9487741757569,0.224573297789802
85,42,425,17.7617524521309,0.14801472217944
98,42,426,22.4716463502936,0.374527738793511
5,43,427,23.7182699534725,0.395304815468141
15,43,428,19.7703483315708,0.329506069130824
20,43,429,23.2336755041179,0.387228234850971
35,43,430,27.7384614821527,0.231154030607682
38,43,431,17.4468883485885,0.145390852550826
44,43,432,15.9084472865217,0.265141000221326
49,43,433,16.3364088852743,0.272273699240023
53,43,434,15.2971248816913,0.127476142661594
88,43,435,11.8598464051282,0.230608309030659
91,43,436,20.3743566041926,0.396168362015958
97,43,437,28.0878059595815,0.390108728192031
98,43,438,21.9948118491109,0.427677239207563
4,44,439,20.6586298306658,0.286925643855134
14,44,440,14.6915863369079,0.20404997347468
36,44,441,16.3934049116896,0.227686361477966
42,44,442,24.9110141985313,0.345986585101981
56,44,443,26.5125460676325,0.220938060647244
59,44,444,18.7262248732004,0.156051998784836
78,44,445,16.150326364168,0.134586160703576
80,44,446,26.6738596721699,0.444564683520961
83,44,447,18.0239654776652,0.350466275771841
96,44,448,30.0671440893163,0.584639380558947
100,44,449,21.9881232106457,0.305390844460337
22,45,450,20.3411148081987,0.339018851351509
27,45,451,26.9144731194521,0.523337395992261
61,45,452,20.8864232929232,0.174053666683849
64,45,453,26.9833836194877,0.224861710051622
80,45,454,18.0184739423186,0.300308139284963
89,45,455,17.5675715693627,0.146396546861833
96,45,456,19.9638202000971,0.332730602852554
2,46,457,25.3813006455651,0.423022015843427
21,46,458,19.5073177448614,0.325122222511926
28,46,459,11.8199049506132,0.196998573442285
33,46,460,20.6368009220548,0.286622464326328
41,46,461,24.6410011126641,0.342236400353681
74,46,462,13.4707444031315,0.224512586328783
80,46,463,15.0728610555364,0.20934545991424
93,46,464,23.5352023414048,0.392253686159444
99,46,465,20.1243847114213,0.391307793545843
5,47,466,27.9002724031039,0.542505730731257
13,47,467,17.8826054830029,0.248369719292879
23,47,468,17.878823633019,0.148990316133982
28,47,469,21.760535084422,0.181337937440418
37,47,470,22.8308883736738,0.443934295746365
39,47,471,28.1378891711126,0.390804328908665
69,47,472,28.9572967807689,0.482621999110105
83,47,473,22.3046409164999,0.371744312670211
88,47,474,23.6348745014591,0.196957445077989
91,47,475,18.3681887820236,0.306136724609577
9,48,476,18.9836046223033,0.263661386238709
30,48,477,12.1024238009419,0.235325095500462
38,48,478,11.4743933757006,0.095620021293461
39,48,479,11.5382255876545,0.096151956818625
41,48,480,21.2320687584288,0.412846111690518
52,48,481,14.9017682824231,0.124181501698648
57,48,482,24.9786060446285,0.34692536149324
64,48,483,19.3593999633784,0.16132846209082
68,48,484,22.4589450374156,0.187158025038097
76,48,485,23.804590489584,0.19837174611047
77,48,486,17.6433594034144,0.147028112650849
92,48,487,16.2006646655785,0.135005646884252
14,49,488,21.7600332010348,0.181333755075511
26,49,489,23.5639634901214,0.327277532517947
28,49,490,24.6221850062542,0.410370078400036
32,49,491,17.1655143139716,0.333774156457448
34,49,492,19.2728437661212,0.321214319739936
41,49,493,14.2473507686514,0.277032042127012
44,49,494,21.962673962902,0.427052335364689
71,49,495,31.1878970756138,0.433165583693492
77,49,496,12.626729517627,0.210445660316843
83,49,497,19.2446171501444,0.160371937881984
2,50,498,13.7889354348145,0.268118403504832
10,50,499,24.7010035960006,0.343069768844493
14,50,500,13.9303702654584,0.193477519579925
50,100,501,20.4471014678088,0.397582846606749
51,50,502,16.2046695758235,0.135039021162993
54,50,503,23.6260931648724,0.196884267214558
62,50,504,16.6266701351566,0.138555695304106
3,51,505,17.1760632677121,0.143133975071356
4,51,506,16.2599481620614,0.270999352833666
9,51,507,23.6173440027511,0.32801892911981
22,51,508,27.4106006670856,0.456843709926102
46,51,509,22.9838943331648,0.44690941400545
47,51,510,27.2102663541937,0.226752401020057
84,51,511,19.0558483078352,0.37053068018777
87,51,512,25.9221347491758,0.360029937317828
89,51,513,23.1513638035818,0.192928186038941
98,51,514,21.9326912482957,0.426469337669836
11,52,515,17.6376979555363,0.293961867761577
23,52,516,18.8233100080475,0.261435070370771
37,52,517,23.053344649388,0.384222718201063
39,52,518,9.50332334065643,0.158388849055252
44,52,519,17.8021427644784,0.247252180641564
58,52,520,22.8847789823871,0.444982169531867
60,52,521,13.1123777666237,0.218539804275431
62,52,522,6.24212351114479,0.104035475080727
65,52,523,11.9336693551887,0.198894648368737
77,52,524,15.777666773969,0.131480661634187
81,52,525,25.1130246712351,0.418550746027581
82,52,526,25.4293980056728,0.211911819576593
18,53,527,26.7384528658505,0.371367698008512
22,53,528,23.7558155751198,0.329942146941281
24,53,529,12.3267754860384,0.239687492867253
26,53,530,21.9773476356445,0.305241183576702
27,53,531,16.298925515228,0.13582448795307
43,53,532,18.4988170721377,0.154156932259928
61,53,533,20.0367123803494,0.278287894579434
80,53,534,15.8052015363912,0.307323609066297
1,54,535,20.9793667578057,0.407932457747483
4,54,536,21.7016251406029,0.30141170141532
13,54,537,24.3431929300734,0.202860103371898
18,54,538,20.241519419632,0.393585414694258
20,54,539,16.0316808073893,0.222662411565749
24,54,540,15.7914646022871,0.219326072714706
29,54,541,22.7866066381199,0.316480900936184
37,54,542,15.4010284577505,0.299464681805592
47,54,543,18.246556351872,0.253424596515515
71,54,544,23.655638775989,0.394260961675001
85,54,545,19.2374751423331,0.16031242110261
87,54,546,19.2244336637328,0.373808731397105
88,54,547,27.9014624463466,0.387520621771064
91,54,548,18.8683451549607,0.15723633541364
98,54,549,21.4782326959281,0.178985415654285
99,54,550,16.9114130073638,0.234880924117976
6,55,551,29.0934123388907,0.484890593560342
37,55,552,14.6173092756953,0.121811008079522
40,55,553,14.346039524504,0.199250708351883
41,55,554,13.9730043115523,0.116441795749631
58,55,555,27.6332904425438,0.230277604576468
65,55,556,22.3927805699502,0.311011090057981
70,55,557,22.8008051215813,0.190006861351878
73,55,558,12.276012376863,0.170500308301013
86,55,559,19.8478262505302,0.385930263615385
33,56,560,26.3511293571836,0.512383480740582
34,56,561,32.6733059340213,0.272277767272217
38,56,562,17.7893946685644,0.148245074167335
42,56,563,22.526439875283,0.375440964940582
52,56,564,25.1591290025538,0.419319152164283
54,56,565,19.4860553201323,0.378895823230101
57,56,566,17.4570315309138,0.29095075827565
75,56,567,17.8746679331422,0.347563265639265
78,56,568,18.0393265638013,0.150327841627188
24,57,569,16.4064446724426,0.319014457175523
31,57,570,27.0456980823283,0.450761995314779
55,57,571,23.3312686205689,0.453663919441908
58,57,572,22.2335939336338,0.432320227898786
60,57,573,19.2122318229161,0.373571473191419
69,57,574,14.3749268192054,0.239582305319114
71,57,575,20.5594059792376,0.285547533705033
78,57,576,12.1680970504684,0.169001483124251
80,57,577,25.7167289571242,0.428612492175122
92,57,578,27.5401813386143,0.535503954431432
12,58,579,20.4842670436516,0.341404723851087
15,58,580,23.0936800794932,0.192447487953644
24,58,581,16.8913731680256,0.140761555676034
29,58,582,22.9772737263135,0.382954868468875
42,58,583,25.337791714088,0.422296866405356
43,58,584,20.2414816575002,0.393584680429997
59,58,585,21.5447746533304,0.359079864819169
64,58,586,19.2070343219231,0.37347041059126
85,58,587,22.8088252671024,0.190073695951356
86,58,588,16.3321631879023,0.272202937560547
92,58,589,23.8865936486828,0.331758510527191
95,58,590,29.9103616070657,0.415422021324374
3,59,591,12.6128693845478,0.105107328957027
8,59,592,18.4942535477769,0.154118902859832
20,59,593,20.9886535077511,0.349811171644565
21,59,594,15.5511530537234,0.215988409647859
25,59,595,20.9729792998239,0.349549934636789
30,59,596,11.3245624736147,0.157285715739787
57,59,597,20.7881760045808,0.288724897710022
63,59,598,23.637772905388,0.328302664105643
72,59,599,17.2596019686606,0.287660262939035
73,59,600,15.7204613270071,0.262007898389603
87,59,601,17.9945583994044,0.249924622153488
94,59,602,17.5288220847798,0.340838479874617
4,60,603,25.0636017868727,0.417727030629236
5,60,604,11.8322286224471,0.164336640114305
6,60,605,17.2887754031067,0.144073243617725
22,60,606,30.4585454003958,0.59224996769618
24,60,607,19.5398644401921,0.16283233393403
26,60,608,19.3381329535341,0.161151236867004
27,60,609,25.7130360110664,0.49997610019574
87,60,610,24.4573099092522,0.475559184238057
89,60,611,10.8913340780409,0.0907611899259012
93,60,612,23.4542054133757,0.195451868139501
95,60,613,12.7279254267864,0.212132260152112
2,61,614,23.6553668013372,0.394256428760511
3,61,615,19.091600514986,0.159096798235553
46,61,616,12.2016437934749,0.237254374676471
47,61,617,11.8694829984114,0.164854062416637
69,61,618,16.3295551911378,0.317519382731872
15,62,619,17.4158231862176,0.290263951981269
25,62,620,22.8922957343067,0.317948806224213
29,62,621,19.799801810722,0.164998480421362
33,62,622,31.9448950208316,0.621151233436759
34,62,623,13.8749710451752,0.231249702419201
35,62,624,19.5503221968776,0.325838963952257
44,62,625,11.2932642446962,0.219591424875425
47,62,626,23.2408578599979,0.322789950731725
51,62,627,20.7984047138105,0.288866963229643
53,62,628,20.5240928657916,0.285057073403693
70,62,629,14.9770508005566,0.208014760863851
75,62,630,17.9581809562658,0.299303255380177
78,62,631,18.4582475487716,0.153818852628081
82,62,632,13.5272905669105,0.263030860336669
95,62,633,21.7783731656924,0.423468705885378
7,63,634,16.5960963819757,0.138300913823774
24,63,635,18.4479404304164,0.358710239781615
30,63,636,21.9877290695894,0.183231222164772
39,63,637,25.9322989476749,0.504239549596106
41,63,638,27.1432781503287,0.45238833108252
46,63,639,19.7182255895961,0.164318678034805
54,63,640,28.1945972566576,0.391591941837992
67,63,641,25.1557961021886,0.349386336483687
78,63,642,18.6857627645795,0.155714814276581
82,63,643,20.9865784730709,0.349776587705562
100,63,644,19.7460813321129,0.329101618816299
5,64,645,15.6994528580384,0.130828878480006
13,64,646,21.7744117695847,0.302422627626585
54,64,647,12.6452753893453,0.245880551497109
64,100,648,13.9404699288107,0.116170675676555
66,64,649,14.0239763724173,0.272688647614413
73,64,650,19.6242514925199,0.327071119865352
74,64,651,18.8643320133867,0.314405785080872
83,64,652,22.389855265983,0.310970460803711
89,64,653,22.8571421686849,0.444444786613308
93,64,654,23.4068035746372,0.325094754167779
100,64,655,21.2986030836162,0.354977002041645
13,65,656,13.6759659315411,0.113966473935949
14,65,657,24.7367271763969,0.206139558048155
23,65,658,21.2060507225907,0.412340205033386
24,65,659,22.3672302405095,0.434918713722378
29,65,660,26.4572417287155,0.220477190787574
44,65,661,20.5899062038438,0.17158268896474
46,65,662,29.9651459125331,0.582656081090413
56,65,663,24.2413999406008,0.471360931489015
90,65,664,18.3014485724052,0.355861784708189
34,66,665,20.5207728423235,0.285010961929746
35,66,666,8.65008441886862,0.120140157485224
41,66,667,17.5303654418489,0.340868489619414
56,66,668,13.5765855036795,0.188563838402054
62,66,669,19.6089339436934,0.163407913590338
64,66,670,20.9803015890161,0.349671972887623
71,66,671,16.2621753443051,0.316209217995327
79,66,672,23.6503724817594,0.39417319003429
80,66,673,17.8128334076731,0.296880794298997
95,66,674,22.2028895532726,0.370048455259738
97,66,675,21.9418324463022,0.426647083328826
4,67,676,20.2562968890659,0.168802609117528
12,67,677,6.05875895661397,0.117809296181522
13,67,678,24.2692141834422,0.337072688872411
27,67,679,20.0130034297272,0.166775162001083
30,67,680,27.6921616783192,0.384613664334008
56,67,681,17.3127956339156,0.288546824735868
60,67,682,16.9270256561495,0.282117319962834
64,67,683,21.7620839394293,0.30225140762634
75,67,684,6.22979863414667,0.12113507034972
76,67,685,16.5502991525223,0.13791926993968
79,67,686,12.1693514516915,0.202822686452878
82,67,687,23.7655563167691,0.39609292215357
83,67,688,18.2463103628157,0.304105415997733
98,67,689,21.8919165431311,0.364865567611073
10,68,690,26.1289890062802,0.217741749245595
12,68,691,18.5043196861055,0.359806503963692
18,68,692,19.5711212002065,0.326185614285058
20,68,693,16.3280499210048,0.31749011356698
32,68,694,24.3579104426823,0.33830458234737
43,68,695,18.2899202645712,0.152416124137561
44,68,696,16.7715086605059,0.27952536796188
48,68,697,16.31863915677,0.317307126338248
59,68,698,21.7177747367445,0.30163600154117
63,68,699,24.9940331024316,0.485995476898906
65,68,700,13.9173728504159,0.193296999782142
67,68,701,17.963816397821,0.299397179481235
69,68,702,21.1385705195739,0.29359149208931
76,68,703,21.2392347084394,0.176993764165226
78,68,704,26.7282733390044,0.445471578693719
81,68,705,27.2505389877199,0.227088006567926
10,69,706,21.4757739085653,0.357929851486406
34,69,707,14.4011387439954,0.280022366262069
56,69,708,21.9420520765545,0.365701160503269
61,69,709,20.4314799246654,0.170262468915411
72,69,710,25.4848889765693,0.353957074506673
86,69,711,16.8074271511694,0.140062004975926
89,69,712,33.6874947518657,0.467882245859187
12,70,713,17.4608555675683,0.33951690764936
23,70,714,12.4417326826956,0.20736237726803
30,70,715,24.5756096191222,0.204796910663415
31,70,716,24.5959318918596,0.409932526143419
32,70,717,24.5212239473821,0.476801958195913
36,70,718,16.2177258646352,0.225246372761331
42,70,719,17.0713184952032,0.142261101268817
58,70,720,25.2323417769494,0.490629260388222
60,70,721,15.1256242667009,0.210078282877782
61,70,722,21.2936463394545,0.414043454501669
62,70,723,18.7615303395457,0.260577018732917
71,70,724,25.1110854954219,0.209259213202419
94,70,725,22.4132749143622,0.186777440374851
22,71,726,15.2774068713614,0.297060926813911
25,71,727,27.4440229654932,0.533634206791615
28,71,728,19.8489851139167,0.165408341609206
30,71,729,13.8474666032564,0.269256510468356
34,71,730,24.5990905860848,0.204992585544644
44,71,731,21.079562360896,0.292771933674248
47,71,732,20.4418563987123,0.397480859070506
54,71,733,20.2531941324592,0.281294587986313
64,71,734,19.6261284418047,0.272585335315381
90,71,735,23.3275521438481,0.323994038970692
95,71,736,18.3248167371413,0.356316166052675
96,71,737,18.6159035754639,0.258554423169261
97,71,738,24.4086285974958,0.339009001727759
100,71,739,25.8647154993096,0.431078936518034
2,72,740,15.1871658941389,0.253119634064527
19,72,741,17.7748314644193,0.148123714035704
22,72,742,15.3788705643867,0.21359559538171
24,72,743,14.5406262991136,0.24234396552691
32,72,744,24.2558169117552,0.202131969303406
40,72,745,22.3607468201264,0.372679411812064
44,72,746,18.0436865425947,0.250606958021443
74,72,747,23.7547084834726,0.197956062393661
77,72,748,24.4340662865668,0.475107224546497
96,72,749,18.2390212899331,0.354647919911252
30,73,750,27.8276478297599,0.463794501531303
59,73,751,13.7950136265457,0.191597564757731
61,73,752,2.47865430430181,0.0481960944738244
64,73,753,11.2237727520769,0.0935315144257922
67,73,754,27.6637769430581,0.384219431584439
69,73,755,24.9191243907837,0.484538917451618
76,73,756,21.9723797931079,0.366206622850196
79,73,757,28.2901801345925,0.235751689722805
90,73,758,28.1991552395568,0.39165524720668
96,73,759,28.6790337180976,0.557648323970199
97,73,760,15.8359299815915,0.219943647921326
1,74,761,20.8996047051662,0.348327023747499
3,74,762,23.2733614115198,0.387889667170148
22,74,763,23.0519917834607,0.192100085208785
25,74,764,17.538701344554,0.243593269104376
32,74,765,21.5086476300675,0.358477747283094
35,74,766,16.8572886841323,0.280955036166054
40,74,767,25.3069451903577,0.351485631054359
44,74,768,22.8274307633457,0.443867064380646
47,74,769,18.3535168297803,0.152946095938282
49,74,770,20.4951253783265,0.341585696240447
50,74,771,29.1721342355422,0.405168855184022
59,74,772,21.8082371983634,0.363470910749219
61,74,773,20.6787603094557,0.1723231404372
64,74,774,22.842221197784,0.444154656391462
74,100,775,22.7141109942579,0.315474016188149
87,74,776,23.0910152449813,0.384850561963225
96,74,777,6.93986573795502,0.0963871012478835
31,75,778,21.0426205515892,0.35071062309476
33,75,779,17.6734275372299,0.343650254810566
36,75,780,18.7690978523464,0.312818547793744
47,75,781,27.9909443609168,0.544268797988072
59,75,782,14.5492995325996,0.202073766278322
66,75,783,26.6737799822303,0.222281677677119
71,75,784,22.2669856496539,0.371116724387373
8,76,785,23.4075422768273,0.455147019500077
10,76,786,18.1394114774263,0.251936472068827
14,76,787,18.5959435124253,0.361588079789612
19,76,788,13.9872325652286,0.116560364625122
38,76,789,16.8956181722593,0.28159386147923
54,76,790,33.8773960709557,0.282311859773938
56,76,791,20.9806839764025,0.349678346015829
100,76,792,23.1140470910485,0.44944016410001
19,77,793,11.674927563045,0.0972911408582256
26,77,794,19.6970434562025,0.164142160115311
31,77,795,26.3408841600929,0.365845906011115
73,77,796,26.0802260053611,0.507115911352203
82,77,797,18.7805210379887,0.156504467186713
84,77,798,18.3595757541481,0.152996587015073
2,78,799,23.0567477503138,0.1921397182976
4,78,800,26.0641573371339,0.434402969807663
9,78,801,20.6461567399132,0.344102887613977
10,78,802,11.9976431613206,0.0999804396619592
21,78,803,24.5093932739896,0.408490214691737
25,78,804,30.9950432657832,0.430487056414137
26,78,805,21.2929131710608,0.414029198438165
43,78,806,22.614935273214,0.188457944709685
45,78,807,17.5271372852414,0.292119188449187
50,78,808,11.9525957213045,0.0996050440281754
52,78,809,18.0356460847922,0.300594341888484
70,78,810,15.2072111777714,0.253453722392338
74,78,811,26.378087009186,0.21981756759713
76,78,812,17.3224115239229,0.144353544848767
82,78,813,21.7728130470028,0.302400423128518
95,78,814,17.3579997712494,0.144650113813743
27,79,815,11.1437776462275,0.154774813350689
59,79,816,16.71098352172,0.278516614841781
62,79,817,19.9607694338257,0.166339878353677
66,79,818,20.397608751585,0.339960417827866
67,79,819,17.4078747214349,0.338486723705952
69,79,820,21.4642209609605,0.417360185906557
72,79,821,18.9235305253765,0.315392427736681
77,79,822,11.0821709135952,0.0923514981610996
10,80,823,23.4265492834467,0.325369000342863
32,80,824,15.7665551551595,0.131388064736697
43,80,825,16.0034780050243,0.222270705663982
51,80,826,25.7947543751013,0.429912916848414
69,80,827,17.5800181706473,0.244167114370303
71,80,828,22.3247436543146,0.372079358568493
86,80,829,16.615642321381,0.276927593564914
4,81,830,18.073753489055,0.351434376767791
13,81,831,24.5660983168925,0.341196082913488
16,81,832,17.4903446533296,0.291505977426756
24,81,833,9.75660392745177,0.0813050977727909
36,81,834,15.1326704624678,0.126105688071702
42,81,835,22.8638767146997,0.381064916763351
46,81,836,22.9541527670273,0.382569518839158
47,81,837,15.1807507290409,0.253012714560691
52,81,838,16.9031936451765,0.281720119462191
53,81,839,19.1134817905164,0.265465237240303
56,81,840,16.117745087833,0.223857749750403
57,81,841,29.4615699899959,0.409188799434054
64,81,842,18.1759148566537,0.151466078311546
79,81,843,19.4351485825172,0.323919402177268
86,81,844,24.6226314343204,0.341981265728133
88,81,845,14.0798426497168,0.195553526577651
92,81,846,21.2830678718776,0.177359040819432
16,82,847,20.0119293620957,0.389121160004096
28,82,848,15.1982390695693,0.295521551658678
29,82,849,8.42038724657762,0.116949916428992
38,82,850,22.7798814882625,0.44294249440326
59,82,851,20.6848060364984,0.402204883584452
60,82,852,21.3121252162163,0.355202371098607
64,82,853,23.5190265759336,0.457314771494678
76,82,854,14.6746461877538,0.203814693437093
97,82,855,18.9696746929384,0.316161497811302
100,82,856,22.2092924328679,0.431847698339202
10,83,857,17.6833711922504,0.245602574152046
14,83,858,10.9451995298603,0.152016781750277
32,83,859,23.3266857083975,0.194389203081217
37,83,860,14.242644972444,0.237377606109332
43,83,861,20.5861719426562,0.171551570096615
49,83,862,19.5973111716659,0.326622114158581
67,83,863,29.6740306085935,0.494567572463633
68,83,864,29.8897043063274,0.24908106848409
75,83,865,17.6963060112344,0.344095114383207
80,83,866,18.0516703976894,0.351004982981056
83,100,867,25.856496645768,0.215470977758044
89,83,868,21.968048105005,0.305112023325604
95,83,869,27.4044125607508,0.456740574738015
1,84,870,13.2091598691198,0.110076420303731
2,84,871,18.0183086047541,0.150152691828341
19,84,872,16.6292716206186,0.138577374366966
34,84,873,23.7879104466255,0.330387909402137
42,84,874,23.6233093219592,0.328101780841759
55,84,875,21.3968924097656,0.297179298989994
58,84,876,19.8926477468886,0.165772197175057
67,84,877,29.6916998847954,0.247431030317961
72,84,878,16.6110598150687,0.230709348665507
83,84,879,20.4751410653701,0.341252624091382
84,100,880,22.7171591982548,0.37861962286637
20,85,881,22.2205045885659,0.18517101970808
32,85,882,16.5051160260012,0.275085487168234
36,85,883,25.9183218965405,0.431972377186634
54,85,884,16.6740092314446,0.277900376177533
55,85,885,16.0415036220791,0.133679303794016
57,85,886,22.7707008676324,0.442763982192643
84,85,887,16.9883865627118,0.235950002130847
87,85,888,26.2006848246347,0.218339214876522
4,86,889,26.2722888874005,0.21893591587693
6,86,890,17.628753751751,0.342781597175772
18,86,891,18.1618469041097,0.151348845279894
21,86,892,16.7340681885976,0.325384919530459
36,86,893,18.9415291154135,0.263077003731067
55,86,894,10.7605397516053,0.209232884778499
62,86,895,22.3817918197742,0.373030162086794
79,86,896,10.8300105471353,0.210583706883351
12,87,897,18.6334716135673,0.155279054336205
19,87,898,16.2252379389583,0.135210424326239
23,87,899,27.1169183942238,0.451949001462642
36,87,900,21.6620114541267,0.421206115239308
50,87,901,24.0133069875179,0.400222103302725
60,87,902,16.7944896023736,0.233256986638407
69,87,903,27.8330195999671,0.23194201555319
77,87,904,12.2924717025046,0.170728910228916
87,100,905,16.1564633851019,0.314153706033079
98,87,906,25.8153752387516,0.215128299092099
12,88,907,18.0825754548871,0.301376498682457
23,88,908,22.2413587208771,0.370689608566069
41,88,909,18.4229815322961,0.30704993784469
50,88,910,18.562253218633,0.154685567236963
75,88,911,17.8740623297064,0.297901277149272
77,88,912,24.1648464725771,0.335623136172976
48,89,913,2.74668514976815,0.0457781224519378
51,89,914,17.4991701064856,0.291653068430362
55,89,915,15.9924308569164,0.310964182100076
69,89,916,19.663758955877,0.27310798176228
73,89,917,27.5434023550131,0.229528536581125
83,89,918,20.0740048595519,0.167283507656298
100,89,919,21.9554094805978,0.304936486735075
29,90,920,13.5210325271652,0.187792268666545
44,90,921,13.0135057721793,0.216891936383065
47,90,922,21.9690182568212,0.183075298600298
49,90,923,21.0229017703585,0.350381976477999
58,90,924,18.8794031710872,0.262214142702913
85,90,925,17.0258937687638,0.236470935964984
88,90,926,23.325519289677,0.388758965834875
90,100,927,15.0478915481825,0.125399196554131
1,91,928,19.5355846319425,0.325593337673504
18,91,929,10.6864902041796,0.178108312556196
23,91,930,20.5936595938603,0.286023278733166
28,91,931,14.1870811901329,0.275860132718292
55,91,932,19.8002634308029,0.165002327258447
59,91,933,19.8561311776823,0.275779820313712
69,91,934,21.7356033897045,0.301883621919267
77,91,935,26.9639667234932,0.224699902455555
88,91,936,15.8907240899949,0.220704677813531
89,91,937,17.7818192039948,0.296363890490836
94,91,938,17.2019597491921,0.286699558512665
14,92,939,20.9132509201212,0.290462050704471
43,92,940,17.6071211533011,0.244543544986083
45,92,941,27.9907165097666,0.544264367545496
47,92,942,21.4722042915403,0.417515417458683
48,92,943,8.65133052651103,0.0720944787297954
57,92,944,14.031959743036,0.233866182810063
72,92,945,20.4569014326624,0.170474314984863
95,92,946,24.0718796088202,0.401198314438731
32,93,947,28.6973334713635,0.239144636910252
56,93,948,21.459402025361,0.357656986548043
65,93,949,17.7333484481779,0.295556043914278
75,93,950,19.1787352897704,0.159822921939655
84,93,951,16.9584153132591,0.235533734444325
3,94,952,18.0312759773823,0.300521506706719
5,94,953,8.92292657229365,0.148715561843915
15,94,954,19.0775522680561,0.264966215695805
19,94,955,19.0194833142555,0.158495821082018
25,94,956,18.5447783197531,0.360593200247307
47,94,957,14.8867373034653,0.289464568027739
81,94,958,25.3332707281872,0.35185126381672
94,100,959,26.6678929808728,0.518542778350861
97,94,960,13.1554908942346,0.109629178488561
1,95,961,17.033877318698,0.331214546168331
2,95,962,21.5821106297682,0.419652486856102
12,95,963,22.2276588459564,0.370461277134725
30,95,964,18.2436110619868,0.304060427614593
45,95,965,13.5416692191852,0.112847333771005
73,95,966,17.4161602960721,0.338647832230562
76,95,967,17.8956279892556,0.149130352547984
78,95,968,16.9203651519015,0.235005259558245
98,95,969,14.9893847500698,0.291460492197343
1,96,970,25.1809774698871,0.349736077981515
30,96,971,20.022870821449,0.166857390331214
35,96,972,29.5938536313546,0.575436503180729
49,96,973,13.3369492871951,0.111141332972955
57,96,974,19.9328948608845,0.166107590060003
79,96,975,23.0581262707449,0.384302411954098
91,96,976,27.1115054764183,0.527168583775997
92,96,977,11.0381711777696,0.153308055670924
95,96,978,14.3097614984813,0.238496215771508
6,97,979,27.4220299601001,0.380861831912834
19,97,980,15.687919658337,0.305043126279747
22,97,981,21.201987051777,0.176683366778055
28,97,982,15.521241166284,0.215572966434402
33,97,983,16.2200153872817,0.270333806054901
42,97,984,17.8625410113408,0.248091045852412
49,97,985,25.1964805860905,0.419941679054582
57,97,986,22.9101958022767,0.381836902173889
63,97,987,18.0196080709274,0.150163520721782
71,97,988,22.7255391869849,0.189379644728469
81,97,989,23.5790807736283,0.327487494956847
88,97,990,16.5406532028604,0.32162406957689
13,98,991,27.5714917447883,0.459525230033029
19,98,992,20.2779503070592,0.337966108823657
22,98,993,18.4935250003178,0.154112831626148
32,98,994,18.1270384257082,0.302117548788982
49,98,995,12.734055470676,0.212234427632007
56,98,996,18.5897622083832,0.258191348336013
62,98,997,28.6735627031299,0.3982442450275
64,98,998,15.5636500754435,0.302626771345959
69,98,999,16.2886648791923,0.226231637640614
74,98,1000,20.3502786692854,0.395700179573772
87,98,1001,33.827604906683,0.563793866146115
99,98,1002,25.1491639025994,0.489011911537539
17,99,1003,10.1115021669946,0.140437642447171
19,99,1004,24.128164748637,0.402136400852814
29,99,1005,17.8496584297534,0.347076969351003
35,99,1006,17.3909385381752,0.241541006262861
46,99,1007,13.8069573161013,0.268468829254638
52,99,1008,19.8953987919381,0.165795122568809
60,99,1009,15.1855600036538,0.295275014068646
72,99,1010,22.9587031846366,0.446419585725539
87,99,1011,19.2859143137123,0.321432162374062
99,100,1012,17.2285842366825,0.287143300325831
